Period (s),0.01,0.1,0.2,0.5,1,2,5,7.5,100.01,0.29,0.25,0.23,0.23,0.18,0.1,0.06,0.06,0.060.1,0.25,0.3,0.2,0.16,0.1,0.04,0.03,0.04,0.050.2,0.23,0.2,0.27,0.18,0.1,0.03,0,0.01,0.020.5,0.23,0.16,0.18,0.31,0.22,0.14,0.08,0.07,0.071,0.18,0.1,0.1,0.22,0.33,0.24,0.16,0.13,0.122,0.1,0.04,0.03,0.14,0.24,0.33,0.26,0.21,0.195,0.06,0.03,0,0.08,0.16,0.26,0.37,0.3,0.267.5,0.06,0.04,0.01,0.07,0.13,0.21,0.3,0.28,0.2410,0.06,0.05,0.02,0.07,0.12,0.19,0.26,0.24,0.23
